arrival_time = [7 12 16 20 31 40 44 50 64 76 87 95 99 108 113 124 132 137 147 156 160 163 168 177 190 192 196 204 212 223 228 241 249 253 260 267 274 281 285 294 303 310 323 330 337 349 359 367 379 389 393 403 410 421 428 442 446 457 461 466 476 483 490 499 508 511 518 528 535 538 546 556 566 576 583 589 598 607 610 623 628 639 652 658 662 671 681 687 695 708 712 719 723 731 741 746 758 766 773 784 794 806 813 818 829 839 845 856 865 873 883 890 895 904 911 916 922 931 940 949 958 967 974 982 990 997 1000 1003 1010 1017 1024 1029 1039 1046 1054 1067 1075 1082 1087 1092 1105 1113 1119 1127 1128 1137 1141 1151 1162 1172 1186 1190 1196 1205 1222 1235 1247 1259 1267 1276 1283 1289 1297 1304 1314 1319 1328 1337 1343 1351 1362 1367 1378 1382 1391 1403 1412 1422 1430 1444 1450 1455 1462 1469 1479 1487 1499 1505 1515 1524 1535 1546 1554 1558 1564 1574 1582 1592 1602 1607 ]; 
delay = [0.0837599490278 0.0140833520313 0.0923433363234 0.0739510050536 0.0671327225187 0.0335034603547 0.19429702744 0.1709065306 0.0733216117742 0.217945305918 0.0242700775105 0.00406827288435 0.121374778176 0.11546616458 0.0116767164661 0.02742892087 0.0674465639857 0.277019295504 0.0582255941697 0.0508617047529 0.0151176751439 0.0181081169218 0.405500625901 0.0120773363586 0.013617496911 0.21953012538 0.0572294683282 0.399269355716 0.00701065787527 0.0877287924785 0.0975647576202 0.285614312354 0.0790056211948 0.0258783919566 0.0391712321095 0.0576313012187 0.0402571776426 0.0593600835121 0.0968679170548 0.0508644221032 0.0109025984677 0.164674787415 0.00163725963512 0.0922143123032 0.0690349040188 0.0899257895204 0.172634779656 0.00256777239946 0.0815511279441 0.017637885149 0.0346285393319 0.0583069856517 0.0268901609231 0.00381766809562 0.134214027035 0.0414646009698 0.0815235265067 0.108840666624 0.0230013849531 0.014147998619 0.0893077682167 0.0418492877349 0.045898013924 0.0610740161859 0.570588034439 0.0562061929404 0.0171186339091 0.0878643674464 0.222827153981 0.178648492037 0.0510814484817 0.200547082754 0.024273848141 0.257997815911 0.353876060738 0.0664708601869 0.171789837472 0.00862568511695 0.0859599066725 0.186443592911 0.13356460116 0.150547338185 0.03799810458 0.0234144940591 0.242949797122 0.0551571204817 0.121219941 0.00741285091351 0.134179707673 0.10575675942 0.199685687885 0.0631386495679 0.03037465129 0.266712470122 0.01028029164 0.0301063783539 0.0648871002747 0.0287448510389 0.0734077789355 0.0633284411323 0.0222546107167 0.185953056949 0.129054429311 0.0016746309102 0.0214995636766 0.167008169289 0.00147954297825 0.126883770537 0.205980190549 0.100458049165 0.107717470141 0.0185316292713 0.16211032866 0.275869860063 0.0479325314027 0.0243142343487 0.244451460402 0.0411151005861 0.101688391584 0.016426410972 0.231309656459 0.056657469792 0.0111244217865 0.0224655002385 0.00552541908962 0.0483530984784 0.0892408086878 0.0107895353555 0.199271737831 0.01393225945 0.668435348907 0.0578789726524 0.31888338508 0.216355652427 0.195620301367 0.0182999707031 0.134509651127 0.0476556438484 0.30029677948 0.0305165869886 0.030719481183 0.0435301502973 0.0671390192081 0.106724761639 0.0616905479519 0.214262346239 0.0110487426837 0.0228536550699 0.0399397839992 0.210242468986 0.123970084381 0.00400355452712 0.076106870695 0.0767687018786 0.143296936005 0.191662506002 0.108706684806 0.175666138947 0.138179856643 0.00763108045135 0.204157903039 0.0178746597351 0.144929130966 0.04121985304 0.102117862018 0.0421696498076 0.115136977394 0.0484255385898 0.0650389503294 0.0606087820192 0.295127624833 0.0263791208249 0.0171135791113 0.0378295476319 0.0134233250903 0.0608967862584 0.00345863869211 0.0693107489876 0.18424195226 0.0981540937491 0.0697239566639 0.00524693818124 0.1651644452 0.0319910027902 0.303432267579 0.16977946374 0.0510271637575 0.106430328936 0.068501596113 0.0474966751387 0.127466492615 0.17370075566 0.114154855433 0.112668159406 0.0681600046501 0.0504558440216 0.0206308177435 0.00135262766048 0.261616930015 0.0109161199441 ]; 
congestion_window_size = [2 4 8 16 32 33 34 35 36 1 ]; 
service_end_time = [7.08375994903 12.014083352 16.0923433363 20.0739510051 31.0671327225 40.0335034604 44.1942970274 50.1709065306 64.0733216118 76.2179453059 87.0242700775 95.0040682729 99.1213747782 108.115466165 113.011676716 124.027428921 132.067446564 137.277019296 147.058225594 156.050861705 160.015117675 163.018108117 168.405500626 177.012077336 190.013617497 192.219530125 196.057229468 204.399269356 212.007010658 223.087728792 228.097564758 241.285614312 249.079005621 253.025878392 260.039171232 267.057631301 274.040257178 281.059360084 285.096867917 294.050864422 303.010902598 310.164674787 323.00163726 330.092214312 337.069034904 349.08992579 359.17263478 367.002567772 379.081551128 389.017637885 393.034628539 403.058306986 410.026890161 421.003817668 428.134214027 442.041464601 446.081523527 457.108840667 461.023001385 466.014147999 476.089307768 483.041849288 490.045898014 499.061074016 508.570588034 511.056206193 518.017118634 528.087864367 535.222827154 538.178648492 546.051081448 556.200547083 566.024273848 576.257997816 583.353876061 589.06647086 598.171789837 607.008625685 610.085959907 623.186443593 628.133564601 639.150547338 652.037998105 658.023414494 662.242949797 671.05515712 681.121219941 687.007412851 695.134179708 708.105756759 712.199685688 719.06313865 723.030374651 731.26671247 741.010280292 746.030106378 758.0648871 766.028744851 773.073407779 784.063328441 794.022254611 806.185953057 813.129054429 818.001674631 829.021499564 839.167008169 845.001479543 856.126883771 865.205980191 873.100458049 883.10771747 890.018531629 895.162110329 904.27586986 911.047932531 916.024314234 922.24445146 931.041115101 940.101688392 949.016426411 958.231309656 967.05665747 974.011124422 982.0224655 990.005525419 997.048353098 1000.08924081 1003.01078954 1010.19927174 1017.01393226 1024.66843535 1029.05787897 1039.31888339 1046.21635565 1054.1956203 1067.01829997 1075.13450965 1082.04765564 1087.30029678 1092.03051659 1105.03071948 1113.04353015 1119.06713902 1127.10672476 1128.06169055 1137.21426235 1141.01104874 1151.02285366 1162.03993978 1172.21024247 1186.12397008 1190.00400355 1196.07610687 1205.0767687 1222.14329694 1235.19166251 1247.10870668 1259.17566614 1267.13817986 1276.00763108 1283.2041579 1289.01787466 1297.14492913 1304.04121985 1314.10211786 1319.04216965 1328.11513698 1337.04842554 1343.06503895 1351.06060878 1362.29512762 1367.02637912 1378.01711358 1382.03782955 1391.01342333 1403.06089679 1412.00345864 1422.06931075 1430.18424195 1444.09815409 1450.06972396 1455.00524694 1462.16516445 1469.031991 1479.30343227 1487.16977946 1499.05102716 1505.10643033 1515.0685016 1524.04749668 1535.12746649 1546.17370076 1554.11415486 1558.11266816 1564.06816 1574.05045584 1582.02063082 1592.00135263 1602.26161693 1607.01091612 ]; 
service_start_time = [7 12 16 20 31 40 44 50 64 76 87 95 99 108 113 124 132 137 147 156 160 163 168 177 190 192 196 204 212 223 228 241 249 253 260 267 274 281 285 294 303 310 323 330 337 349 359 367 379 389 393 403 410 421 428 442 446 457 461 466 476 483 490 499 508 511 518 528 535 538 546 556 566 576 583 589 598 607 610 623 628 639 652 658 662 671 681 687 695 708 712 719 723 731 741 746 758 766 773 784 794 806 813 818 829 839 845 856 865 873 883 890 895 904 911 916 922 931 940 949 958 967 974 982 990 997 1000 1003 1010 1017 1024 1029 1039 1046 1054 1067 1075 1082 1087 1092 1105 1113 1119 1127 1128 1137 1141 1151 1162 1172 1186 1190 1196 1205 1222 1235 1247 1259 1267 1276 1283 1289 1297 1304 1314 1319 1328 1337 1343 1351 1362 1367 1378 1382 1391 1403 1412 1422 1430 1444 1450 1455 1462 1469 1479 1487 1499 1505 1515 1524 1535 1546 1554 1558 1564 1574 1582 1592 1602 1607 ]; 
